6.557031250000000000e+01
1.128007812500000000e+02
6.557031250000000000e+01
1.328085937500000000e+02
6.557031250000000000e+01
1.558945312500000000e+02
6.861718750000000000e+01
1.805195312500000000e+02
7.572656250000000000e+01
1.989882812500000000e+02
8.486718750000000000e+01
2.097617187500000000e+02
9.807031250000000000e+01
2.205351562500000000e+02
1.112734375000000000e+02
2.251523437500000000e+02
1.254921875000000000e+02
2.251523437500000000e+02
1.386953125000000000e+02
2.251523437500000000e+02
1.518984375000000000e+02
2.205351562500000000e+02
1.640859375000000000e+02
2.128398437500000000e+02
1.742421875000000000e+02
2.020664062500000000e+02
1.833828125000000000e+02
1.851367187500000000e+02
1.874453125000000000e+02
1.589726562500000000e+02
1.874453125000000000e+02
1.343476562500000000e+02
1.874453125000000000e+02
1.128007812500000000e+02
7.267968750000000000e+01
1.004882812500000000e+02
8.232812500000000000e+01
8.971484375000000000e+01
9.400781250000000000e+01
8.817578125000000000e+01
1.056875000000000000e+02
9.125390625000000000e+01
1.158437500000000000e+02
9.433203125000000000e+01
1.417421875000000000e+02
9.510156250000000000e+01
1.524062500000000000e+02
8.971484375000000000e+01
1.630703125000000000e+02
8.971484375000000000e+01
1.727187500000000000e+02
9.048437500000000000e+01
1.823671875000000000e+02
9.894921875000000000e+01
1.275234375000000000e+02
1.112617187500000000e+02
1.265078125000000000e+02
1.251132812500000000e+02
1.265078125000000000e+02
1.389648437500000000e+02
1.265078125000000000e+02
1.512773437500000000e+02
1.082265625000000000e+02
1.481992187500000000e+02
1.163515625000000000e+02
1.543554687500000000e+02
1.254921875000000000e+02
1.589726562500000000e+02
1.356484375000000000e+02
1.574335937500000000e+02
1.478359375000000000e+02
1.497382812500000000e+02
8.385156250000000000e+01
1.112617187500000000e+02
8.994531250000000000e+01
1.066445312500000000e+02
1.031484375000000000e+02
1.066445312500000000e+02
1.092421875000000000e+02
1.128007812500000000e+02
1.021328125000000000e+02
1.128007812500000000e+02
8.994531250000000000e+01
1.128007812500000000e+02
1.458046875000000000e+02
1.143398437500000000e+02
1.529140625000000000e+02
1.097226562500000000e+02
1.661171875000000000e+02
1.081835937500000000e+02
1.722109375000000000e+02
1.128007812500000000e+02
1.661171875000000000e+02
1.143398437500000000e+02
1.539296875000000000e+02
1.158789062500000000e+02
8.994531250000000000e+01
1.697460937500000000e+02
1.051796875000000000e+02
1.635898437500000000e+02
1.214296875000000000e+02
1.635898437500000000e+02
1.254921875000000000e+02
1.651289062500000000e+02
1.295546875000000000e+02
1.635898437500000000e+02
1.468203125000000000e+02
1.651289062500000000e+02
1.620546875000000000e+02
1.697460937500000000e+02
1.539296875000000000e+02
1.866757812500000000e+02
1.407265625000000000e+02
1.989882812500000000e+02
1.275234375000000000e+02
2.020664062500000000e+02
1.122890625000000000e+02
1.974492187500000000e+02
9.807031250000000000e+01
1.851367187500000000e+02
9.197656250000000000e+01
1.697460937500000000e+02
1.082265625000000000e+02
1.682070312500000000e+02
1.254921875000000000e+02
1.697460937500000000e+02
1.437734375000000000e+02
1.697460937500000000e+02
1.610390625000000000e+02
1.712851562500000000e+02
1.458046875000000000e+02
1.882148437500000000e+02
1.265078125000000000e+02
1.928320312500000000e+02
1.061953125000000000e+02
1.882148437500000000e+02
